x3dtoflag ascii
header
   process                         1
   numdim                          2
   materials                       3
   nodes                          20
   faces                          45
   elements                       11
   ghost_nodes                     0
   slaved_nodes                    1
   nodes_per_slave                 2
   nodes_per_face                  2
   faces_per_cell                  5
   node_data_fields                0
   cell_data_fields                2
end_header
matnames
            1   top
            2   bot
            3   none
end_matnames
mateos
            1   -1
            2   -1
            3   -1
end_mateos
matopc
            1   -1
            2   -1
            3   -1
end_matopc
nodes
         1  0.000000000000000e+00  1.300000000000000e+00  0.000000000000000e+00
         2  7.499999999999999e-01  1.299038105676658e+00  0.000000000000000e+00
         3  0.000000000000000e+00  1.156666666666667e+00  0.000000000000000e+00
         4  0.000000000000000e+00  1.443333333333333e+00  0.000000000000000e+00
         5  4.999999999999999e-01  8.660254037844387e-01  0.000000000000000e+00
         6  2.500000000000000e-01  8.680127018922194e-01  0.000000000000000e+00
         7  0.000000000000000e+00  8.700000000000000e-01  0.000000000000000e+00
         8  9.999999999999999e-01  1.732050807568877e+00  0.000000000000000e+00
         9  4.999999999999999e-01  1.731025403784439e+00  0.000000000000000e+00
        10  0.000000000000000e+00  1.730000000000000e+00  0.000000000000000e+00
        11  3.749999999999999e-01  1.299519052838329e+00  0.000000000000000e+00
        12  0.000000000000000e+00  8.700000000000000e-01  0.000000000000000e+00
        13  1.666666666666666e-01  8.686751345948129e-01  0.000000000000000e+00
        14  3.333333333333333e-01  8.673502691896258e-01  0.000000000000000e+00
        15  0.000000000000000e+00  1.730000000000000e+00  0.000000000000000e+00
        16  3.333333333333333e-01  1.730683602522959e+00  0.000000000000000e+00
        17  6.666666666666665e-01  1.731367205045918e+00  0.000000000000000e+00
        18  2.207790270515294e-01  1.152977306437331e+00  0.000000000000000e+00
        19  2.748913874363922e-01  1.437279478279848e+00  0.000000000000000e+00
        20  5.221529395202574e-01  1.367410615103820e+00  0.000000000000000e+00
end_nodes
faces
         1         2        12        13         1         0         0         1         1         1         1         1
         2         2        13        18         1         1        17         1         1         1         1         1
         3         2        18         3         1         1         5         1         1         1         1         1
         4         2         3        12         1         0         0         1         1         1         1         1
         5         2         3        18         1         1         3         1         1         1         1         1
         6         2        18        19         1         1        16         1         1         1         1         1
         7         2        19         4         1         1         9         1         1         1         1         1
         8         2         4         3         1         0         0         1         1         1         1         1
         9         2         4        19         1         1         7         1         1         1         1         1
        10         2        19        16         1         1        21         1         1         1         1         1
        11         2        16        15         1         0         0         1         1         1         1         1
        12         2        15         4         1         0         0         1         1         1         1         1
        13         2        13        14         1         0         0         1         1         1         1         1
        14         2        14        20         1         1        25         1         1         1         1         1
        15         2        20        19         1         1        18         1         1         1         1         1
        16         2        19        18         1         1         6         1         1         1         1         1
        17         2        18        13         1         1         2         1         1         1         1         1
        18         2        19        20         1         1        15         1         1         1         1         1
        19         2        20        17         1         1        29         1         1         1         1         1
        20         2        17        16         1         0         0         1         1         1         1         1
        21         2        16        19         1         1        10         1         1         1         1         1
        22         2        14         5         1         0         0         1         1         1         1         1
        23         2         5         2         1         1        30         1         1         1         1         1
        24         2         2        20         1         1        26         1         1         1         1         1
        25         2        20        14         1         1        14         1         1         1         1         1
        26         2        20         2         1         1        24         1         1         1         1         1
        27         2         2         8         1         1        34         1         1         1         1         1
        28         2         8        17         1         0         0         1         1         1         1         1
        29         2        17        20         1         1        19         1         1         1         1         1
        30         2         5         2         1         1        23         1         1         1         1         1
        31         2         2        11         1         1        37         1         1         1         1         1
        32         2        11         6         1         1        38         1         1         1         1         1
        33         2         6         5         1         0         0         1         1         1         1         1
        34         2         2         8         1         1        27         1         1         1         1         1
        35         2         8         9         1         0         0         1         1         1         1         1
        36         2         9        11         1         1        42         1         1         1         1         1
        37         2        11         2         1         1        31         1         1         1         1         1
        38         2         6        11         1         1        32         1         1         1         1         1
        39         2        11         1         1         1        45         1         1         1         1         1
        40         2         1         7         1         0         0         1         1         1         1         1
        41         2         7         6         1         0         0         1         1         1         1         1
        42         2        11         9         1         1        36         1         1         1         1         1
        43         2         9        10         1         0         0         1         1         1         1         1
        44         2        10         1         1         0         0         1         1         1         1         1
        45         2         1        11         1         1        39         1         1         1         1         1
end_faces
cells
         1         4         1         2         3         4
         2         4         5         6         7         8
         3         4         9        10        11        12
         4         5        13        14        15        16        17
         5         4        18        19        20        21
         6         4        22        23        24        25
         7         4        26        27        28        29
         8         4        30        31        32        33
         9         4        34        35        36        37
        10         4        38        39        40        41
        11         4        42        43        44        45
end_cells
slaved_nodes         1
         1        18         2        19        13
end_slaved_nodes
ghost_nodes          0
end_ghost_nodes
cell_data
matid
      none      none      none      none      none      none      none       top       top       top
       top
end_matid
partelm
         1         1         1         1         1         1         1         1         1         1
         1
end_partelm
end_cell_data
node_data
end_node_data
end_dump
