x3dtoflag ascii
header
   process                         1
   numdim                          2
   materials                       3
   nodes                         180
   faces                         594
   elements                      145
   ghost_nodes                     0
   slaved_nodes                   14
   nodes_per_slave                 2
   nodes_per_face                  2
   faces_per_cell                  5
   node_data_fields                0
   cell_data_fields                2
end_header
matnames
            1   top
            2   bot
            3   none
end_matnames
mateos
            1   -1
            2   -1
            3   -1
end_mateos
matopc
            1   -1
            2   -1
            3   -1
end_matopc
nodes
         1  1.500000000000000e+00  1.013333333333333e+00  0.000000000000000e+00
         2  1.500000000000000e+00  1.156666666666667e+00  0.000000000000000e+00
         3  1.500000000000000e+00  1.300000000000000e+00  0.000000000000000e+00
         4  1.500000000000000e+00  1.443333333333333e+00  0.000000000000000e+00
         5  1.500000000000000e+00  1.586666666666666e+00  0.000000000000000e+00
         6  5.833333333333333e-01  1.010362971081845e+00  0.000000000000000e+00
         7  6.666666666666665e-01  1.154700538379251e+00  0.000000000000000e+00
         8  7.499999999999999e-01  1.299038105676658e+00  0.000000000000000e+00
         9  8.333333333333331e-01  1.443375672974064e+00  0.000000000000000e+00
        10  9.166666666666665e-01  1.587713240271471e+00  0.000000000000000e+00
        11  0.000000000000000e+00  9.130000000000000e-01  0.000000000000000e+00
        12  0.000000000000000e+00  9.560000000000001e-01  0.000000000000000e+00
        13  0.000000000000000e+00  9.989999999999999e-01  0.000000000000000e+00
        14  0.000000000000000e+00  1.042000000000000e+00  0.000000000000000e+00
        15  0.000000000000000e+00  1.085000000000000e+00  0.000000000000000e+00
        16  0.000000000000000e+00  1.128000000000000e+00  0.000000000000000e+00
        17  0.000000000000000e+00  1.171000000000000e+00  0.000000000000000e+00
        18  0.000000000000000e+00  1.214000000000000e+00  0.000000000000000e+00
        19  0.000000000000000e+00  1.257000000000000e+00  0.000000000000000e+00
        20  0.000000000000000e+00  1.300000000000000e+00  0.000000000000000e+00
        21  0.000000000000000e+00  1.343000000000000e+00  0.000000000000000e+00
        22  0.000000000000000e+00  1.386000000000000e+00  0.000000000000000e+00
        23  0.000000000000000e+00  1.429000000000000e+00  0.000000000000000e+00
        24  0.000000000000000e+00  1.472000000000000e+00  0.000000000000000e+00
        25  0.000000000000000e+00  1.515000000000000e+00  0.000000000000000e+00
        26  0.000000000000000e+00  1.558000000000000e+00  0.000000000000000e+00
        27  0.000000000000000e+00  1.601000000000000e+00  0.000000000000000e+00
        28  0.000000000000000e+00  1.644000000000000e+00  0.000000000000000e+00
        29  0.000000000000000e+00  1.687000000000000e+00  0.000000000000000e+00
        30  4.999999999999999e-01  8.660254037844387e-01  0.000000000000000e+00
        31  7.000000000000000e-01  8.668203230275511e-01  0.000000000000000e+00
        32  9.000000000000000e-01  8.676152422706633e-01  0.000000000000000e+00
        33  1.100000000000000e+00  8.684101615137754e-01  0.000000000000000e+00
        34  1.300000000000000e+00  8.692050807568877e-01  0.000000000000000e+00
        35  1.500000000000000e+00  8.700000000000000e-01  0.000000000000000e+00
        36  9.999999999999999e-01  1.732050807568877e+00  0.000000000000000e+00
        37  1.100000000000000e+00  1.731640646055102e+00  0.000000000000000e+00
        38  1.200000000000000e+00  1.731230484541327e+00  0.000000000000000e+00
        39  1.300000000000000e+00  1.730820323027551e+00  0.000000000000000e+00
        40  1.400000000000000e+00  1.730410161513775e+00  0.000000000000000e+00
        41  1.500000000000000e+00  1.730000000000000e+00  0.000000000000000e+00
        42  7.666666666666665e-01  1.010957043532143e+00  0.000000000000000e+00
        43  9.500000000000000e-01  1.011551115982440e+00  0.000000000000000e+00
        44  1.133333333333334e+00  1.012145188432738e+00  0.000000000000000e+00
        45  1.316666666666667e+00  1.012739260883036e+00  0.000000000000000e+00
        46  8.333333333333330e-01  1.155093764036735e+00  0.000000000000000e+00
        47  1.000000000000000e+00  1.155486989694217e+00  0.000000000000000e+00
        48  1.166666666666667e+00  1.155880215351701e+00  0.000000000000000e+00
        49  1.333333333333333e+00  1.156273441009184e+00  0.000000000000000e+00
        50  8.999999999999999e-01  1.299230484541327e+00  0.000000000000000e+00
        51  1.050000000000000e+00  1.299422863405995e+00  0.000000000000000e+00
        52  1.200000000000000e+00  1.299615242270663e+00  0.000000000000000e+00
        53  1.350000000000000e+00  1.299807621135331e+00  0.000000000000000e+00
        54  9.666666666666668e-01  1.443367205045919e+00  0.000000000000000e+00
        55  1.100000000000000e+00  1.443358737117772e+00  0.000000000000000e+00
        56  1.233333333333333e+00  1.443350269189626e+00  0.000000000000000e+00
        57  1.366666666666667e+00  1.443341801261479e+00  0.000000000000000e+00
        58  1.033333333333333e+00  1.587503925550510e+00  0.000000000000000e+00
        59  1.150000000000000e+00  1.587294610829549e+00  0.000000000000000e+00
        60  1.266666666666667e+00  1.587085296108589e+00  0.000000000000000e+00
        61  1.383333333333334e+00  1.586875981387628e+00  0.000000000000000e+00
        62  0.000000000000000e+00  8.700000000000000e-01  0.000000000000000e+00
        63  5.555555555555555e-02  8.695583781982710e-01  0.000000000000000e+00
        64  1.111111111111111e-01  8.691167563965418e-01  0.000000000000000e+00
        65  1.666666666666666e-01  8.686751345948129e-01  0.000000000000000e+00
        66  2.222222222222222e-01  8.682335127930838e-01  0.000000000000000e+00
        67  2.777777777777777e-01  8.677918909913549e-01  0.000000000000000e+00
        68  3.333333333333333e-01  8.673502691896258e-01  0.000000000000000e+00
        69  3.888888888888888e-01  8.669086473878969e-01  0.000000000000000e+00
        70  4.444444444444444e-01  8.664670255861677e-01  0.000000000000000e+00
        71  0.000000000000000e+00  1.730000000000000e+00  0.000000000000000e+00
        72  1.111111111111111e-01  1.730227867507653e+00  0.000000000000000e+00
        73  2.222222222222222e-01  1.730455735015306e+00  0.000000000000000e+00
        74  3.333333333333333e-01  1.730683602522959e+00  0.000000000000000e+00
        75  4.444444444444444e-01  1.730911470030612e+00  0.000000000000000e+00
        76  5.555555555555555e-01  1.731139337538265e+00  0.000000000000000e+00
        77  6.666666666666665e-01  1.731367205045918e+00  0.000000000000000e+00
        78  7.777777777777776e-01  1.731595072553571e+00  0.000000000000000e+00
        79  8.888888888888887e-01  1.731822940061224e+00  0.000000000000000e+00
        80  5.904699859775749e-02  9.158168161880695e-01  0.000000000000000e+00
        81  1.172240531871861e-01  9.183512358485549e-01  0.000000000000000e+00
        82  1.800053691755096e-01  9.308562750801157e-01  0.000000000000000e+00
        83  2.431588859992156e-01  9.363486571525390e-01  0.000000000000000e+00
        84  3.041576636661230e-01  9.385913151799360e-01  0.000000000000000e+00
        85  3.627620239496706e-01  9.382055563492917e-01  0.000000000000000e+00
        86  4.226599895386223e-01  9.408017602594145e-01  0.000000000000000e+00
        87  6.173793287191119e-02  9.603167781460212e-01  0.000000000000000e+00
        88  1.231845005504676e-01  9.620115502032454e-01  0.000000000000000e+00
        89  6.545070263910949e-02  1.004637825537771e+00  0.000000000000000e+00
        90  1.291449479137490e-01  1.005671864557936e+00  0.000000000000000e+00
        91  1.931525842257371e-01  9.983350491062376e-01  0.000000000000000e+00
        92  2.599044701790778e-01  1.001044257053800e+00  0.000000000000000e+00
        93  3.254190690149583e-01  1.005665233582490e+00  0.000000000000000e+00
        94  3.929644608265101e-01  1.016060448187999e+00  0.000000000000000e+00
        95  4.564310901883557e-01  1.014694873130932e+00  0.000000000000000e+00
        96  5.161938428969857e-01  1.007002982173975e+00  0.000000000000000e+00
        97  6.867225954404974e-02  1.048958691170059e+00  0.000000000000000e+00
        98  1.374824522764032e-01  1.055206375280164e+00  0.000000000000000e+00
        99  2.071867293900582e-01  1.057047120980357e+00  0.000000000000000e+00
       100  2.761079645986725e-01  1.061432866779688e+00  0.000000000000000e+00
       101  3.443757261951383e-01  1.063762839855239e+00  0.000000000000000e+00
       102  6.941546378050095e-02  1.091937478352896e+00  0.000000000000000e+00
       103  1.417406949417372e-01  1.106643823116483e+00  0.000000000000000e+00
       104  2.176815894333392e-01  1.112994873920198e+00  0.000000000000000e+00
       105  2.917210343311925e-01  1.120157452999772e+00  0.000000000000000e+00
       106  3.633323833753184e-01  1.121860446127989e+00  0.000000000000000e+00
       107  4.310660743080074e-01  1.112848198757779e+00  0.000000000000000e+00
       108  4.974695149929493e-01  1.105120588245466e+00  0.000000000000000e+00
       109  5.634810628027997e-01  1.093869344689529e+00  0.000000000000000e+00
       110  7.198732257750967e-02  1.132686159210243e+00  0.000000000000000e+00
       111  7.455918137451840e-02  1.173434840067589e+00  0.000000000000000e+00
       112  1.480692112342578e-01  1.163515999513860e+00  0.000000000000000e+00
       113  2.268127822877723e-01  1.167428776212046e+00  0.000000000000000e+00
       114  3.047715519837026e-01  1.178218739052806e+00  0.000000000000000e+00
       115  3.810043271674832e-01  1.182988787263744e+00  0.000000000000000e+00
       116  4.635836495576470e-01  1.195206651800015e+00  0.000000000000000e+00
       117  5.416586748692346e-01  1.193007461175477e+00  0.000000000000000e+00
       118  6.107682827086137e-01  1.180735707205083e+00  0.000000000000000e+00
       119  7.978166190763611e-02  1.217641772133023e+00  0.000000000000000e+00
       120  1.564833486830945e-01  1.214995390139481e+00  0.000000000000000e+00
       121  2.345905537920346e-01  1.219160001257848e+00  0.000000000000000e+00
       122  3.163417070727165e-01  1.237030217970156e+00  0.000000000000000e+00
       123  4.003273496462549e-01  1.243113043474306e+00  0.000000000000000e+00
       124  8.346469059503211e-02  1.262495475598511e+00  0.000000000000000e+00
       125  1.634180215525246e-01  1.265017280062413e+00  0.000000000000000e+00
       126  2.444281444531360e-01  1.268274948258382e+00  0.000000000000000e+00
       127  8.589475694555829e-02  1.307008630545094e+00  0.000000000000000e+00
       128  1.699893814476612e-01  1.315370210668544e+00  0.000000000000000e+00
       129  2.542657351142375e-01  1.317389895258916e+00  0.000000000000000e+00
       130  3.358672421621847e-01  1.307177932482708e+00  0.000000000000000e+00
       131  4.196503721250268e-01  1.303237299684868e+00  0.000000000000000e+00
       132  4.975056005181595e-01  1.289378650253294e+00  0.000000000000000e+00
       133  5.811508639606139e-01  1.286176835072257e+00  0.000000000000000e+00
       134  6.723812874716442e-01  1.298897055192689e+00  0.000000000000000e+00
       135  8.647032309343138e-02  1.350091740224317e+00  0.000000000000000e+00
       136  1.747427698079328e-01  1.366948803409949e+00  0.000000000000000e+00
       137  2.667511467297995e-01  1.371060297256083e+00  0.000000000000000e+00
       138  3.565042431800146e-01  1.370885734271416e+00  0.000000000000000e+00
       139  4.465482697541757e-01  1.373866867390922e+00  0.000000000000000e+00
       140  5.318534507925715e-01  1.368690883702681e+00  0.000000000000000e+00
       141  6.178974965491105e-01  1.365374600777463e+00  0.000000000000000e+00
       142  8.873325441010996e-02  1.391174706220312e+00  0.000000000000000e+00
       143  9.099618572678853e-02  1.432257672216308e+00  0.000000000000000e+00
       144  1.815376427454041e-01  1.423186253986950e+00  0.000000000000000e+00
       145  2.769383672804585e-01  1.425442844723708e+00  0.000000000000000e+00
       146  3.699049975071951e-01  1.429625739901264e+00  0.000000000000000e+00
       147  4.684097256516173e-01  1.446246359725621e+00  0.000000000000000e+00
       148  5.650174628622932e-01  1.448492094065111e+00  0.000000000000000e+00
       149  6.546441291376072e-01  1.444572366482669e+00  0.000000000000000e+00
       150  7.376661929864280e-01  1.433762336917445e+00  0.000000000000000e+00
       151  9.487977499936369e-02  1.475366123853502e+00  0.000000000000000e+00
       152  1.899076753992712e-01  1.476525606623766e+00  0.000000000000000e+00
       153  2.874613134765994e-01  1.479945459282800e+00  0.000000000000000e+00
       154  3.840309031830896e-01  1.484215420334249e+00  0.000000000000000e+00
       155  9.604458920134629e-02  1.517983425974294e+00  0.000000000000000e+00
       156  1.951159778544556e-01  1.529479680945007e+00  0.000000000000000e+00
       157  2.984635520012366e-01  1.534465490602779e+00  0.000000000000000e+00
       158  3.981568088589842e-01  1.538805100767234e+00  0.000000000000000e+00
       159  4.931102792686410e-01  1.526545666921830e+00  0.000000000000000e+00
       160  5.958407126215542e-01  1.528062578362214e+00  0.000000000000000e+00
       161  6.951762601152520e-01  1.531836695459493e+00  0.000000000000000e+00
       162  7.851820781015508e-01  1.524923936780896e+00  0.000000000000000e+00
       163  9.865492738540749e-02  1.559173115102077e+00  0.000000000000000e+00
       164  1.012652655694687e-01  1.600362804229860e+00  0.000000000000000e+00
       165  2.018882740547084e-01  1.584777246592923e+00  0.000000000000000e+00
       166  3.089243320107002e-01  1.588062906291324e+00  0.000000000000000e+00
       167  4.155838710606495e-01  1.599657277091334e+00  0.000000000000000e+00
       168  5.167875330107599e-01  1.597978328252022e+00  0.000000000000000e+00
       169  6.202703281586017e-01  1.601004499341031e+00  0.000000000000000e+00
       170  7.331815397182383e-01  1.621860083512421e+00  0.000000000000000e+00
       171  8.326979632166737e-01  1.616085536644347e+00  0.000000000000000e+00
       172  1.058042281722809e-01  1.643617962560526e+00  0.000000000000000e+00
       173  2.101040264407524e-01  1.635661673517764e+00  0.000000000000000e+00
       174  3.168910376109989e-01  1.638780592044982e+00  0.000000000000000e+00
       175  4.288531553844230e-01  1.662332078987312e+00  0.000000000000000e+00
       176  5.363822169445539e-01  1.665264614831415e+00  0.000000000000000e+00
       177  6.434684974126341e-01  1.666185852193474e+00  0.000000000000000e+00
       178  1.088926166478416e-01  1.687200464583649e+00  0.000000000000000e+00
       179  2.165647560347655e-01  1.684074134170086e+00  0.000000000000000e+00
       180  3.251121854721661e-01  1.684732097283971e+00  0.000000000000000e+00
end_nodes
faces
         1         2        62        63         1         0         0         1         1         1         1         1
         2         2        63        80         1         1        84         1         1         1         1         1
         3         2        80        11         1         1         5         1         1         1         1         1
         4         2        11        62         1         0         0         1         1         1         1         1
         5         2        11        80         1         1         3         1         1         1         1         1
         6         2        80        87         1         1        88         1         1         1         1         1
         7         2        87        12         1         1         9         1         1         1         1         1
         8         2        12        11         1         0         0         1         1         1         1         1
         9         2        12        87         1         1         7         1         1         1         1         1
        10         2        87        89         1         1        92         1         1         1         1         1
        11         2        89        13         1         1        13         1         1         1         1         1
        12         2        13        12         1         0         0         1         1         1         1         1
        13         2        13        89         1         1        11         1         1         1         1         1
        14         2        89        97         1         1        96         1         1         1         1         1
        15         2        97        14         1         1        17         1         1         1         1         1
        16         2        14        13         1         0         0         1         1         1         1         1
        17         2        14        97         1         1        15         1         1         1         1         1
        18         2        97       102         1         1       100         1         1         1         1         1
        19         2       102        15         1         1        21         1         1         1         1         1
        20         2        15        14         1         0         0         1         1         1         1         1
        21         2        15       102         1         1        19         1         1         1         1         1
        22         2       102       110         1         1       105         1         1         1         1         1
        23         2       110        16         1         1        25         1         1         1         1         1
        24         2        16        15         1         0         0         1         1         1         1         1
        25         2        16       110         1         1        23         1         1         1         1         1
        26         2       110       111         1         1       104         1         1         1         1         1
        27         2       111        17         1         1        29         1         1         1         1         1
        28         2        17        16         1         0         0         1         1         1         1         1
        29         2        17       111         1         1        27         1         1         1         1         1
        30         2       111       119         1         1       109         1         1         1         1         1
        31         2       119        18         1         1        33         1         1         1         1         1
        32         2        18        17         1         0         0         1         1         1         1         1
        33         2        18       119         1         1        31         1         1         1         1         1
        34         2       119       124         1         1       113         1         1         1         1         1
        35         2       124        19         1         1        37         1         1         1         1         1
        36         2        19        18         1         0         0         1         1         1         1         1
        37         2        19       124         1         1        35         1         1         1         1         1
        38         2       124       127         1         1       117         1         1         1         1         1
        39         2       127        20         1         1        41         1         1         1         1         1
        40         2        20        19         1         0         0         1         1         1         1         1
        41         2        20       127         1         1        39         1         1         1         1         1
        42         2       127       135         1         1       121         1         1         1         1         1
        43         2       135        21         1         1        45         1         1         1         1         1
        44         2        21        20         1         0         0         1         1         1         1         1
        45         2        21       135         1         1        43         1         1         1         1         1
        46         2       135       142         1         1       126         1         1         1         1         1
        47         2       142        22         1         1        49         1         1         1         1         1
        48         2        22        21         1         0         0         1         1         1         1         1
        49         2        22       142         1         1        47         1         1         1         1         1
        50         2       142       143         1         1       125         1         1         1         1         1
        51         2       143        23         1         1        53         1         1         1         1         1
        52         2        23        22         1         0         0         1         1         1         1         1
        53         2        23       143         1         1        51         1         1         1         1         1
        54         2       143       151         1         1       130         1         1         1         1         1
        55         2       151        24         1         1        57         1         1         1         1         1
        56         2        24        23         1         0         0         1         1         1         1         1
        57         2        24       151         1         1        55         1         1         1         1         1
        58         2       151       155         1         1       134         1         1         1         1         1
        59         2       155        25         1         1        61         1         1         1         1         1
        60         2        25        24         1         0         0         1         1         1         1         1
        61         2        25       155         1         1        59         1         1         1         1         1
        62         2       155       163         1         1       139         1         1         1         1         1
        63         2       163        26         1         1        65         1         1         1         1         1
        64         2        26        25         1         0         0         1         1         1         1         1
        65         2        26       163         1         1        63         1         1         1         1         1
        66         2       163       164         1         1       138         1         1         1         1         1
        67         2       164        27         1         1        69         1         1         1         1         1
        68         2        27        26         1         0         0         1         1         1         1         1
        69         2        27       164         1         1        67         1         1         1         1         1
        70         2       164       172         1         1       143         1         1         1         1         1
        71         2       172        28         1         1        73         1         1         1         1         1
        72         2        28        27         1         0         0         1         1         1         1         1
        73         2        28       172         1         1        71         1         1         1         1         1
        74         2       172       178         1         1       147         1         1         1         1         1
        75         2       178        29         1         1        77         1         1         1         1         1
        76         2        29        28         1         0         0         1         1         1         1         1
        77         2        29       178         1         1        75         1         1         1         1         1
        78         2       178        72         1         1       151         1         1         1         1         1
        79         2        72        71         1         0         0         1         1         1         1         1
        80         2        71        29         1         0         0         1         1         1         1         1
        81         2        63        64         1         0         0         1         1         1         1         1
        82         2        64        81         1         1       155         1         1         1         1         1
        83         2        81        80         1         1        85         1         1         1         1         1
        84         2        80        63         1         1         2         1         1         1         1         1
        85         2        80        81         1         1        83         1         1         1         1         1
        86         2        81        88         1         1       160         1         1         1         1         1
        87         2        88        87         1         1        89         1         1         1         1         1
        88         2        87        80         1         1         6         1         1         1         1         1
        89         2        87        88         1         1        87         1         1         1         1         1
        90         2        88        90         1         1       159         1         1         1         1         1
        91         2        90        89         1         1        93         1         1         1         1         1
        92         2        89        87         1         1        10         1         1         1         1         1
        93         2        89        90         1         1        91         1         1         1         1         1
        94         2        90        98         1         1       164         1         1         1         1         1
        95         2        98        97         1         1        97         1         1         1         1         1
        96         2        97        89         1         1        14         1         1         1         1         1
        97         2        97        98         1         1        95         1         1         1         1         1
        98         2        98       103         1         1       168         1         1         1         1         1
        99         2       103       102         1         1       101         1         1         1         1         1
       100         2       102        97         1         1        18         1         1         1         1         1
       101         2       102       103         1         1        99         1         1         1         1         1
       102         2       103       112         1         1       172         1         1         1         1         1
       103         2       112       111         1         1       106         1         1         1         1         1
       104         2       111       110         1         1        26         1         1         1         1         1
       105         2       110       102         1         1        22         1         1         1         1         1
       106         2       111       112         1         1       103         1         1         1         1         1
       107         2       112       120         1         1       176         1         1         1         1         1
       108         2       120       119         1         1       110         1         1         1         1         1
       109         2       119       111         1         1        30         1         1         1         1         1
       110         2       119       120         1         1       108         1         1         1         1         1
       111         2       120       125         1         1       180         1         1         1         1         1
       112         2       125       124         1         1       114         1         1         1         1         1
       113         2       124       119         1         1        34         1         1         1         1         1
       114         2       124       125         1         1       112         1         1         1         1         1
       115         2       125       128         1         1       184         1         1         1         1         1
       116         2       128       127         1         1       118         1         1         1         1         1
       117         2       127       124         1         1        38         1         1         1         1         1
       118         2       127       128         1         1       116         1         1         1         1         1
       119         2       128       136         1         1       188         1         1         1         1         1
       120         2       136       135         1         1       122         1         1         1         1         1
       121         2       135       127         1         1        42         1         1         1         1         1
       122         2       135       136         1         1       120         1         1         1         1         1
       123         2       136       144         1         1       192         1         1         1         1         1
       124         2       144       143         1         1       127         1         1         1         1         1
       125         2       143       142         1         1        50         1         1         1         1         1
       126         2       142       135         1         1        46         1         1         1         1         1
       127         2       143       144         1         1       124         1         1         1         1         1
       128         2       144       152         1         1       196         1         1         1         1         1
       129         2       152       151         1         1       131         1         1         1         1         1
       130         2       151       143         1         1        54         1         1         1         1         1
       131         2       151       152         1         1       129         1         1         1         1         1
       132         2       152       156         1         1       200         1         1         1         1         1
       133         2       156       155         1         1       135         1         1         1         1         1
       134         2       155       151         1         1        58         1         1         1         1         1
       135         2       155       156         1         1       133         1         1         1         1         1
       136         2       156       165         1         1       204         1         1         1         1         1
       137         2       165       164         1         1       140         1         1         1         1         1
       138         2       164       163         1         1        66         1         1         1         1         1
       139         2       163       155         1         1        62         1         1         1         1         1
       140         2       164       165         1         1       137         1         1         1         1         1
       141         2       165       173         1         1       208         1         1         1         1         1
       142         2       173       172         1         1       144         1         1         1         1         1
       143         2       172       164         1         1        70         1         1         1         1         1
       144         2       172       173         1         1       142         1         1         1         1         1
       145         2       173       179         1         1       212         1         1         1         1         1
       146         2       179       178         1         1       148         1         1         1         1         1
       147         2       178       172         1         1        74         1         1         1         1         1
       148         2       178       179         1         1       146         1         1         1         1         1
       149         2       179        73         1         1       216         1         1         1         1         1
       150         2        73        72         1         0         0         1         1         1         1         1
       151         2        72       178         1         1        78         1         1         1         1         1
       152         2        64        65         1         0         0         1         1         1         1         1
       153         2        65        82         1         1       220         1         1         1         1         1
       154         2        82        81         1         1       156         1         1         1         1         1
       155         2        81        64         1         1        82         1         1         1         1         1
       156         2        81        82         1         1       154         1         1         1         1         1
       157         2        82        91         1         1       224         1         1         1         1         1
       158         2        91        90         1         1       161         1         1         1         1         1
       159         2        90        88         1         1        90         1         1         1         1         1
       160         2        88        81         1         1        86         1         1         1         1         1
       161         2        90        91         1         1       158         1         1         1         1         1
       162         2        91        99         1         1       228         1         1         1         1         1
       163         2        99        98         1         1       165         1         1         1         1         1
       164         2        98        90         1         1        94         1         1         1         1         1
       165         2        98        99         1         1       163         1         1         1         1         1
       166         2        99       104         1         1       232         1         1         1         1         1
       167         2       104       103         1         1       169         1         1         1         1         1
       168         2       103        98         1         1        98         1         1         1         1         1
       169         2       103       104         1         1       167         1         1         1         1         1
       170         2       104       113         1         1       236         1         1         1         1         1
       171         2       113       112         1         1       173         1         1         1         1         1
       172         2       112       103         1         1       102         1         1         1         1         1
       173         2       112       113         1         1       171         1         1         1         1         1
       174         2       113       121         1         1       240         1         1         1         1         1
       175         2       121       120         1         1       177         1         1         1         1         1
       176         2       120       112         1         1       107         1         1         1         1         1
       177         2       120       121         1         1       175         1         1         1         1         1
       178         2       121       126         1         1       245         1         1         1         1         1
       179         2       126       125         1         1       181         1         1         1         1         1
       180         2       125       120         1         1       111         1         1         1         1         1
       181         2       125       126         1         1       179         1         1         1         1         1
       182         2       126       129         1         1       244         1         1         1         1         1
       183         2       129       128         1         1       185         1         1         1         1         1
       184         2       128       125         1         1       115         1         1         1         1         1
       185         2       128       129         1         1       183         1         1         1         1         1
       186         2       129       137         1         1       249         1         1         1         1         1
       187         2       137       136         1         1       189         1         1         1         1         1
       188         2       136       128         1         1       119         1         1         1         1         1
       189         2       136       137         1         1       187         1         1         1         1         1
       190         2       137       145         1         1       253         1         1         1         1         1
       191         2       145       144         1         1       193         1         1         1         1         1
       192         2       144       136         1         1       123         1         1         1         1         1
       193         2       144       145         1         1       191         1         1         1         1         1
       194         2       145       153         1         1       257         1         1         1         1         1
       195         2       153       152         1         1       197         1         1         1         1         1
       196         2       152       144         1         1       128         1         1         1         1         1
       197         2       152       153         1         1       195         1         1         1         1         1
       198         2       153       157         1         1       261         1         1         1         1         1
       199         2       157       156         1         1       201         1         1         1         1         1
       200         2       156       152         1         1       132         1         1         1         1         1
       201         2       156       157         1         1       199         1         1         1         1         1
       202         2       157       166         1         1       265         1         1         1         1         1
       203         2       166       165         1         1       205         1         1         1         1         1
       204         2       165       156         1         1       136         1         1         1         1         1
       205         2       165       166         1         1       203         1         1         1         1         1
       206         2       166       174         1         1       269         1         1         1         1         1
       207         2       174       173         1         1       209         1         1         1         1         1
       208         2       173       165         1         1       141         1         1         1         1         1
       209         2       173       174         1         1       207         1         1         1         1         1
       210         2       174       180         1         1       274         1         1         1         1         1
       211         2       180       179         1         1       213         1         1         1         1         1
       212         2       179       173         1         1       145         1         1         1         1         1
       213         2       179       180         1         1       211         1         1         1         1         1
       214         2       180        74         1         1       273         1         1         1         1         1
       215         2        74        73         1         0         0         1         1         1         1         1
       216         2        73       179         1         1       149         1         1         1         1         1
       217         2        65        66         1         0         0         1         1         1         1         1
       218         2        66        83         1         1       278         1         1         1         1         1
       219         2        83        82         1         1       221         1         1         1         1         1
       220         2        82        65         1         1       153         1         1         1         1         1
       221         2        82        83         1         1       219         1         1         1         1         1
       222         2        83        92         1         1       282         1         1         1         1         1
       223         2        92        91         1         1       225         1         1         1         1         1
       224         2        91        82         1         1       157         1         1         1         1         1
       225         2        91        92         1         1       223         1         1         1         1         1
       226         2        92       100         1         1       286         1         1         1         1         1
       227         2       100        99         1         1       229         1         1         1         1         1
       228         2        99        91         1         1       162         1         1         1         1         1
       229         2        99       100         1         1       227         1         1         1         1         1
       230         2       100       105         1         1       290         1         1         1         1         1
       231         2       105       104         1         1       233         1         1         1         1         1
       232         2       104        99         1         1       166         1         1         1         1         1
       233         2       104       105         1         1       231         1         1         1         1         1
       234         2       105       114         1         1       294         1         1         1         1         1
       235         2       114       113         1         1       237         1         1         1         1         1
       236         2       113       104         1         1       170         1         1         1         1         1
       237         2       113       114         1         1       235         1         1         1         1         1
       238         2       114       122         1         1       298         1         1         1         1         1
       239         2       122       121         1         1       241         1         1         1         1         1
       240         2       121       113         1         1       174         1         1         1         1         1
       241         2       121       122         1         1       239         1         1         1         1         1
       242         2       122       130         1         1       302         1         1         1         1         1
       243         2       130       129         1         1       246         1         1         1         1         1
       244         2       129       126         1         1       182         1         1         1         1         1
       245         2       126       121         1         1       178         1         1         1         1         1
       246         2       129       130         1         1       243         1         1         1         1         1
       247         2       130       138         1         1       306         1         1         1         1         1
       248         2       138       137         1         1       250         1         1         1         1         1
       249         2       137       129         1         1       186         1         1         1         1         1
       250         2       137       138         1         1       248         1         1         1         1         1
       251         2       138       146         1         1       310         1         1         1         1         1
       252         2       146       145         1         1       254         1         1         1         1         1
       253         2       145       137         1         1       190         1         1         1         1         1
       254         2       145       146         1         1       252         1         1         1         1         1
       255         2       146       154         1         1       315         1         1         1         1         1
       256         2       154       153         1         1       258         1         1         1         1         1
       257         2       153       145         1         1       194         1         1         1         1         1
       258         2       153       154         1         1       256         1         1         1         1         1
       259         2       154       158         1         1       314         1         1         1         1         1
       260         2       158       157         1         1       262         1         1         1         1         1
       261         2       157       153         1         1       198         1         1         1         1         1
       262         2       157       158         1         1       260         1         1         1         1         1
       263         2       158       167         1         1       319         1         1         1         1         1
       264         2       167       166         1         1       266         1         1         1         1         1
       265         2       166       157         1         1       202         1         1         1         1         1
       266         2       166       167         1         1       264         1         1         1         1         1
       267         2       167       175         1         1       323         1         1         1         1         1
       268         2       175       174         1         1       270         1         1         1         1         1
       269         2       174       166         1         1       206         1         1         1         1         1
       270         2       174       175         1         1       268         1         1         1         1         1
       271         2       175        75         1         1       327         1         1         1         1         1
       272         2        75        74         1         0         0         1         1         1         1         1
       273         2        74       180         1         1       214         1         1         1         1         1
       274         2       180       174         1         1       210         1         1         1         1         1
       275         2        66        67         1         0         0         1         1         1         1         1
       276         2        67        84         1         1       331         1         1         1         1         1
       277         2        84        83         1         1       279         1         1         1         1         1
       278         2        83        66         1         1       218         1         1         1         1         1
       279         2        83        84         1         1       277         1         1         1         1         1
       280         2        84        93         1         1       335         1         1         1         1         1
       281         2        93        92         1         1       283         1         1         1         1         1
       282         2        92        83         1         1       222         1         1         1         1         1
       283         2        92        93         1         1       281         1         1         1         1         1
       284         2        93       101         1         1       340         1         1         1         1         1
       285         2       101       100         1         1       287         1         1         1         1         1
       286         2       100        92         1         1       226         1         1         1         1         1
       287         2       100       101         1         1       285         1         1         1         1         1
       288         2       101       106         1         1       339         1         1         1         1         1
       289         2       106       105         1         1       291         1         1         1         1         1
       290         2       105       100         1         1       230         1         1         1         1         1
       291         2       105       106         1         1       289         1         1         1         1         1
       292         2       106       115         1         1       344         1         1         1         1         1
       293         2       115       114         1         1       295         1         1         1         1         1
       294         2       114       105         1         1       234         1         1         1         1         1
       295         2       114       115         1         1       293         1         1         1         1         1
       296         2       115       123         1         1       349         1         1         1         1         1
       297         2       123       122         1         1       299         1         1         1         1         1
       298         2       122       114         1         1       238         1         1         1         1         1
       299         2       122       123         1         1       297         1         1         1         1         1
       300         2       123       131         1         1       348         1         1         1         1         1
       301         2       131       130         1         1       303         1         1         1         1         1
       302         2       130       122         1         1       242         1         1         1         1         1
       303         2       130       131         1         1       301         1         1         1         1         1
       304         2       131       139         1         1       353         1         1         1         1         1
       305         2       139       138         1         1       307         1         1         1         1         1
       306         2       138       130         1         1       247         1         1         1         1         1
       307         2       138       139         1         1       305         1         1         1         1         1
       308         2       139       147         1         1       357         1         1         1         1         1
       309         2       147       146         1         1       311         1         1         1         1         1
       310         2       146       138         1         1       251         1         1         1         1         1
       311         2       146       147         1         1       309         1         1         1         1         1
       312         2       147       159         1         1       361         1         1         1         1         1
       313         2       159       158         1         1       316         1         1         1         1         1
       314         2       158       154         1         1       259         1         1         1         1         1
       315         2       154       146         1         1       255         1         1         1         1         1
       316         2       158       159         1         1       313         1         1         1         1         1
       317         2       159       168         1         1       365         1         1         1         1         1
       318         2       168       167         1         1       320         1         1         1         1         1
       319         2       167       158         1         1       263         1         1         1         1         1
       320         2       167       168         1         1       318         1         1         1         1         1
       321         2       168       176         1         1       369         1         1         1         1         1
       322         2       176       175         1         1       324         1         1         1         1         1
       323         2       175       167         1         1       267         1         1         1         1         1
       324         2       175       176         1         1       322         1         1         1         1         1
       325         2       176        76         1         1       373         1         1         1         1         1
       326         2        76        75         1         0         0         1         1         1         1         1
       327         2        75       175         1         1       271         1         1         1         1         1
       328         2        67        68         1         0         0         1         1         1         1         1
       329         2        68        85         1         1       377         1         1         1         1         1
       330         2        85        84         1         1       332         1         1         1         1         1
       331         2        84        67         1         1       276         1         1         1         1         1
       332         2        84        85         1         1       330         1         1         1         1         1
       333         2        85        94         1         1       381         1         1         1         1         1
       334         2        94        93         1         1       336         1         1         1         1         1
       335         2        93        84         1         1       280         1         1         1         1         1
       336         2        93        94         1         1       334         1         1         1         1         1
       337         2        94       107         1         1       385         1         1         1         1         1
       338         2       107       106         1         1       341         1         1         1         1         1
       339         2       106       101         1         1       288         1         1         1         1         1
       340         2       101        93         1         1       284         1         1         1         1         1
       341         2       106       107         1         1       338         1         1         1         1         1
       342         2       107       116         1         1       389         1         1         1         1         1
       343         2       116       115         1         1       345         1         1         1         1         1
       344         2       115       106         1         1       292         1         1         1         1         1
       345         2       115       116         1         1       343         1         1         1         1         1
       346         2       116       132         1         1       393         1         1         1         1         1
       347         2       132       131         1         1       350         1         1         1         1         1
       348         2       131       123         1         1       300         1         1         1         1         1
       349         2       123       115         1         1       296         1         1         1         1         1
       350         2       131       132         1         1       347         1         1         1         1         1
       351         2       132       140         1         1       397         1         1         1         1         1
       352         2       140       139         1         1       354         1         1         1         1         1
       353         2       139       131         1         1       304         1         1         1         1         1
       354         2       139       140         1         1       352         1         1         1         1         1
       355         2       140       148         1         1       401         1         1         1         1         1
       356         2       148       147         1         1       358         1         1         1         1         1
       357         2       147       139         1         1       308         1         1         1         1         1
       358         2       147       148         1         1       356         1         1         1         1         1
       359         2       148       160         1         1       405         1         1         1         1         1
       360         2       160       159         1         1       362         1         1         1         1         1
       361         2       159       147         1         1       312         1         1         1         1         1
       362         2       159       160         1         1       360         1         1         1         1         1
       363         2       160       169         1         1       409         1         1         1         1         1
       364         2       169       168         1         1       366         1         1         1         1         1
       365         2       168       159         1         1       317         1         1         1         1         1
       366         2       168       169         1         1       364         1         1         1         1         1
       367         2       169       177         1         1       414         1         1         1         1         1
       368         2       177       176         1         1       370         1         1         1         1         1
       369         2       176       168         1         1       321         1         1         1         1         1
       370         2       176       177         1         1       368         1         1         1         1         1
       371         2       177        77         1         1       413         1         1         1         1         1
       372         2        77        76         1         0         0         1         1         1         1         1
       373         2        76       176         1         1       325         1         1         1         1         1
       374         2        68        69         1         0         0         1         1         1         1         1
       375         2        69        86         1         1       419         1         1         1         1         1
       376         2        86        85         1         1       378         1         1         1         1         1
       377         2        85        68         1         1       329         1         1         1         1         1
       378         2        85        86         1         1       376         1         1         1         1         1
       379         2        86        95         1         1       418         1         1         1         1         1
       380         2        95        94         1         1       382         1         1         1         1         1
       381         2        94        85         1         1       333         1         1         1         1         1
       382         2        94        95         1         1       380         1         1         1         1         1
       383         2        95       108         1         1       423         1         1         1         1         1
       384         2       108       107         1         1       386         1         1         1         1         1
       385         2       107        94         1         1       337         1         1         1         1         1
       386         2       107       108         1         1       384         1         1         1         1         1
       387         2       108       117         1         1       427         1         1         1         1         1
       388         2       117       116         1         1       390         1         1         1         1         1
       389         2       116       107         1         1       342         1         1         1         1         1
       390         2       116       117         1         1       388         1         1         1         1         1
       391         2       117       133         1         1       431         1         1         1         1         1
       392         2       133       132         1         1       394         1         1         1         1         1
       393         2       132       116         1         1       346         1         1         1         1         1
       394         2       132       133         1         1       392         1         1         1         1         1
       395         2       133       141         1         1       436         1         1         1         1         1
       396         2       141       140         1         1       398         1         1         1         1         1
       397         2       140       132         1         1       351         1         1         1         1         1
       398         2       140       141         1         1       396         1         1         1         1         1
       399         2       141       149         1         1       435         1         1         1         1         1
       400         2       149       148         1         1       402         1         1         1         1         1
       401         2       148       140         1         1       355         1         1         1         1         1
       402         2       148       149         1         1       400         1         1         1         1         1
       403         2       149       161         1         1       440         1         1         1         1         1
       404         2       161       160         1         1       406         1         1         1         1         1
       405         2       160       148         1         1       359         1         1         1         1         1
       406         2       160       161         1         1       404         1         1         1         1         1
       407         2       161       170         1         1       444         1         1         1         1         1
       408         2       170       169         1         1       410         1         1         1         1         1
       409         2       169       160         1         1       363         1         1         1         1         1
       410         2       169       170         1         1       408         1         1         1         1         1
       411         2       170        78         1         1       448         1         1         1         1         1
       412         2        78        77         1         0         0         1         1         1         1         1
       413         2        77       177         1         1       371         1         1         1         1         1
       414         2       177       169         1         1       367         1         1         1         1         1
       415         2        69        70         1         0         0         1         1         1         1         1
       416         2        70        96         1         1       452         1         1         1         1         1
       417         2        96        95         1         1       420         1         1         1         1         1
       418         2        95        86         1         1       379         1         1         1         1         1
       419         2        86        69         1         1       375         1         1         1         1         1
       420         2        95        96         1         1       417         1         1         1         1         1
       421         2        96       109         1         1       457         1         1         1         1         1
       422         2       109       108         1         1       424         1         1         1         1         1
       423         2       108        95         1         1       383         1         1         1         1         1
       424         2       108       109         1         1       422         1         1         1         1         1
       425         2       109       118         1         1       456         1         1         1         1         1
       426         2       118       117         1         1       428         1         1         1         1         1
       427         2       117       108         1         1       387         1         1         1         1         1
       428         2       117       118         1         1       426         1         1         1         1         1
       429         2       118       134         1         1       461         1         1         1         1         1
       430         2       134       133         1         1       432         1         1         1         1         1
       431         2       133       117         1         1       391         1         1         1         1         1
       432         2       133       134         1         1       430         1         1         1         1         1
       433         2       134       150         1         1       465         1         1         1         1         1
       434         2       150       149         1         1       437         1         1         1         1         1
       435         2       149       141         1         1       399         1         1         1         1         1
       436         2       141       133         1         1       395         1         1         1         1         1
       437         2       149       150         1         1       434         1         1         1         1         1
       438         2       150       162         1         1       470         1         1         1         1         1
       439         2       162       161         1         1       441         1         1         1         1         1
       440         2       161       149         1         1       403         1         1         1         1         1
       441         2       161       162         1         1       439         1         1         1         1         1
       442         2       162       171         1         1       469         1         1         1         1         1
       443         2       171       170         1         1       445         1         1         1         1         1
       444         2       170       161         1         1       407         1         1         1         1         1
       445         2       170       171         1         1       443         1         1         1         1         1
       446         2       171        79         1         1       474         1         1         1         1         1
       447         2        79        78         1         0         0         1         1         1         1         1
       448         2        78       170         1         1       411         1         1         1         1         1
       449         2        70        30         1         0         0         1         1         1         1         1
       450         2        30         6         1         1       478         1         1         1         1         1
       451         2         6        96         1         1       453         1         1         1         1         1
       452         2        96        70         1         1       416         1         1         1         1         1
       453         2        96         6         1         1       451         1         1         1         1         1
       454         2         6         7         1         1       482         1         1         1         1         1
       455         2         7       118         1         1       458         1         1         1         1         1
       456         2       118       109         1         1       425         1         1         1         1         1
       457         2       109        96         1         1       421         1         1         1         1         1
       458         2       118         7         1         1       455         1         1         1         1         1
       459         2         7         8         1         1       486         1         1         1         1         1
       460         2         8       134         1         1       462         1         1         1         1         1
       461         2       134       118         1         1       429         1         1         1         1         1
       462         2       134         8         1         1       460         1         1         1         1         1
       463         2         8         9         1         1       490         1         1         1         1         1
       464         2         9       150         1         1       466         1         1         1         1         1
       465         2       150       134         1         1       433         1         1         1         1         1
       466         2       150         9         1         1       464         1         1         1         1         1
       467         2         9        10         1         1       494         1         1         1         1         1
       468         2        10       171         1         1       471         1         1         1         1         1
       469         2       171       162         1         1       442         1         1         1         1         1
       470         2       162       150         1         1       438         1         1         1         1         1
       471         2       171        10         1         1       468         1         1         1         1         1
       472         2        10        36         1         1       498         1         1         1         1         1
       473         2        36        79         1         0         0         1         1         1         1         1
       474         2        79       171         1         1       446         1         1         1         1         1
       475         2        30        31         1         0         0         1         1         1         1         1
       476         2        31        42         1         1       502         1         1         1         1         1
       477         2        42         6         1         1       479         1         1         1         1         1
       478         2         6        30         1         1       450         1         1         1         1         1
       479         2         6        42         1         1       477         1         1         1         1         1
       480         2        42        46         1         1       506         1         1         1         1         1
       481         2        46         7         1         1       483         1         1         1         1         1
       482         2         7         6         1         1       454         1         1         1         1         1
       483         2         7        46         1         1       481         1         1         1         1         1
       484         2        46        50         1         1       510         1         1         1         1         1
       485         2        50         8         1         1       487         1         1         1         1         1
       486         2         8         7         1         1       459         1         1         1         1         1
       487         2         8        50         1         1       485         1         1         1         1         1
       488         2        50        54         1         1       514         1         1         1         1         1
       489         2        54         9         1         1       491         1         1         1         1         1
       490         2         9         8         1         1       463         1         1         1         1         1
       491         2         9        54         1         1       489         1         1         1         1         1
       492         2        54        58         1         1       518         1         1         1         1         1
       493         2        58        10         1         1       495         1         1         1         1         1
       494         2        10         9         1         1       467         1         1         1         1         1
       495         2        10        58         1         1       493         1         1         1         1         1
       496         2        58        37         1         1       522         1         1         1         1         1
       497         2        37        36         1         0         0         1         1         1         1         1
       498         2        36        10         1         1       472         1         1         1         1         1
       499         2        31        32         1         0         0         1         1         1         1         1
       500         2        32        43         1         1       526         1         1         1         1         1
       501         2        43        42         1         1       503         1         1         1         1         1
       502         2        42        31         1         1       476         1         1         1         1         1
       503         2        42        43         1         1       501         1         1         1         1         1
       504         2        43        47         1         1       530         1         1         1         1         1
       505         2        47        46         1         1       507         1         1         1         1         1
       506         2        46        42         1         1       480         1         1         1         1         1
       507         2        46        47         1         1       505         1         1         1         1         1
       508         2        47        51         1         1       534         1         1         1         1         1
       509         2        51        50         1         1       511         1         1         1         1         1
       510         2        50        46         1         1       484         1         1         1         1         1
       511         2        50        51         1         1       509         1         1         1         1         1
       512         2        51        55         1         1       538         1         1         1         1         1
       513         2        55        54         1         1       515         1         1         1         1         1
       514         2        54        50         1         1       488         1         1         1         1         1
       515         2        54        55         1         1       513         1         1         1         1         1
       516         2        55        59         1         1       542         1         1         1         1         1
       517         2        59        58         1         1       519         1         1         1         1         1
       518         2        58        54         1         1       492         1         1         1         1         1
       519         2        58        59         1         1       517         1         1         1         1         1
       520         2        59        38         1         1       546         1         1         1         1         1
       521         2        38        37         1         0         0         1         1         1         1         1
       522         2        37        58         1         1       496         1         1         1         1         1
       523         2        32        33         1         0         0         1         1         1         1         1
       524         2        33        44         1         1       550         1         1         1         1         1
       525         2        44        43         1         1       527         1         1         1         1         1
       526         2        43        32         1         1       500         1         1         1         1         1
       527         2        43        44         1         1       525         1         1         1         1         1
       528         2        44        48         1         1       554         1         1         1         1         1
       529         2        48        47         1         1       531         1         1         1         1         1
       530         2        47        43         1         1       504         1         1         1         1         1
       531         2        47        48         1         1       529         1         1         1         1         1
       532         2        48        52         1         1       558         1         1         1         1         1
       533         2        52        51         1         1       535         1         1         1         1         1
       534         2        51        47         1         1       508         1         1         1         1         1
       535         2        51        52         1         1       533         1         1         1         1         1
       536         2        52        56         1         1       562         1         1         1         1         1
       537         2        56        55         1         1       539         1         1         1         1         1
       538         2        55        51         1         1       512         1         1         1         1         1
       539         2        55        56         1         1       537         1         1         1         1         1
       540         2        56        60         1         1       566         1         1         1         1         1
       541         2        60        59         1         1       543         1         1         1         1         1
       542         2        59        55         1         1       516         1         1         1         1         1
       543         2        59        60         1         1       541         1         1         1         1         1
       544         2        60        39         1         1       570         1         1         1         1         1
       545         2        39        38         1         0         0         1         1         1         1         1
       546         2        38        59         1         1       520         1         1         1         1         1
       547         2        33        34         1         0         0         1         1         1         1         1
       548         2        34        45         1         1       574         1         1         1         1         1
       549         2        45        44         1         1       551         1         1         1         1         1
       550         2        44        33         1         1       524         1         1         1         1         1
       551         2        44        45         1         1       549         1         1         1         1         1
       552         2        45        49         1         1       578         1         1         1         1         1
       553         2        49        48         1         1       555         1         1         1         1         1
       554         2        48        44         1         1       528         1         1         1         1         1
       555         2        48        49         1         1       553         1         1         1         1         1
       556         2        49        53         1         1       582         1         1         1         1         1
       557         2        53        52         1         1       559         1         1         1         1         1
       558         2        52        48         1         1       532         1         1         1         1         1
       559         2        52        53         1         1       557         1         1         1         1         1
       560         2        53        57         1         1       586         1         1         1         1         1
       561         2        57        56         1         1       563         1         1         1         1         1
       562         2        56        52         1         1       536         1         1         1         1         1
       563         2        56        57         1         1       561         1         1         1         1         1
       564         2        57        61         1         1       590         1         1         1         1         1
       565         2        61        60         1         1       567         1         1         1         1         1
       566         2        60        56         1         1       540         1         1         1         1         1
       567         2        60        61         1         1       565         1         1         1         1         1
       568         2        61        40         1         1       594         1         1         1         1         1
       569         2        40        39         1         0         0         1         1         1         1         1
       570         2        39        60         1         1       544         1         1         1         1         1
       571         2        34        35         1         0         0         1         1         1         1         1
       572         2        35         1         1         0         0         1         1         1         1         1
       573         2         1        45         1         1       575         1         1         1         1         1
       574         2        45        34         1         1       548         1         1         1         1         1
       575         2        45         1         1         1       573         1         1         1         1         1
       576         2         1         2         1         0         0         1         1         1         1         1
       577         2         2        49         1         1       579         1         1         1         1         1
       578         2        49        45         1         1       552         1         1         1         1         1
       579         2        49         2         1         1       577         1         1         1         1         1
       580         2         2         3         1         0         0         1         1         1         1         1
       581         2         3        53         1         1       583         1         1         1         1         1
       582         2        53        49         1         1       556         1         1         1         1         1
       583         2        53         3         1         1       581         1         1         1         1         1
       584         2         3         4         1         0         0         1         1         1         1         1
       585         2         4        57         1         1       587         1         1         1         1         1
       586         2        57        53         1         1       560         1         1         1         1         1
       587         2        57         4         1         1       585         1         1         1         1         1
       588         2         4         5         1         0         0         1         1         1         1         1
       589         2         5        61         1         1       591         1         1         1         1         1
       590         2        61        57         1         1       564         1         1         1         1         1
       591         2        61         5         1         1       589         1         1         1         1         1
       592         2         5        41         1         0         0         1         1         1         1         1
       593         2        41        40         1         0         0         1         1         1         1         1
       594         2        40        61         1         1       568         1         1         1         1         1
end_faces
cells
         1         4         1         2         3         4
         2         4         5         6         7         8
         3         4         9        10        11        12
         4         4        13        14        15        16
         5         4        17        18        19        20
         6         4        21        22        23        24
         7         4        25        26        27        28
         8         4        29        30        31        32
         9         4        33        34        35        36
        10         4        37        38        39        40
        11         4        41        42        43        44
        12         4        45        46        47        48
        13         4        49        50        51        52
        14         4        53        54        55        56
        15         4        57        58        59        60
        16         4        61        62        63        64
        17         4        65        66        67        68
        18         4        69        70        71        72
        19         4        73        74        75        76
        20         4        77        78        79        80
        21         4        81        82        83        84
        22         4        85        86        87        88
        23         4        89        90        91        92
        24         4        93        94        95        96
        25         4        97        98        99       100
        26         5       101       102       103       104       105
        27         4       106       107       108       109
        28         4       110       111       112       113
        29         4       114       115       116       117
        30         4       118       119       120       121
        31         5       122       123       124       125       126
        32         4       127       128       129       130
        33         4       131       132       133       134
        34         5       135       136       137       138       139
        35         4       140       141       142       143
        36         4       144       145       146       147
        37         4       148       149       150       151
        38         4       152       153       154       155
        39         5       156       157       158       159       160
        40         4       161       162       163       164
        41         4       165       166       167       168
        42         4       169       170       171       172
        43         4       173       174       175       176
        44         4       177       178       179       180
        45         4       181       182       183       184
        46         4       185       186       187       188
        47         4       189       190       191       192
        48         4       193       194       195       196
        49         4       197       198       199       200
        50         4       201       202       203       204
        51         4       205       206       207       208
        52         4       209       210       211       212
        53         4       213       214       215       216
        54         4       217       218       219       220
        55         4       221       222       223       224
        56         4       225       226       227       228
        57         4       229       230       231       232
        58         4       233       234       235       236
        59         4       237       238       239       240
        60         5       241       242       243       244       245
        61         4       246       247       248       249
        62         4       250       251       252       253
        63         4       254       255       256       257
        64         4       258       259       260       261
        65         4       262       263       264       265
        66         4       266       267       268       269
        67         5       270       271       272       273       274
        68         4       275       276       277       278
        69         4       279       280       281       282
        70         4       283       284       285       286
        71         4       287       288       289       290
        72         4       291       292       293       294
        73         4       295       296       297       298
        74         4       299       300       301       302
        75         4       303       304       305       306
        76         4       307       308       309       310
        77         5       311       312       313       314       315
        78         4       316       317       318       319
        79         4       320       321       322       323
        80         4       324       325       326       327
        81         4       328       329       330       331
        82         4       332       333       334       335
        83         5       336       337       338       339       340
        84         4       341       342       343       344
        85         5       345       346       347       348       349
        86         4       350       351       352       353
        87         4       354       355       356       357
        88         4       358       359       360       361
        89         4       362       363       364       365
        90         4       366       367       368       369
        91         4       370       371       372       373
        92         4       374       375       376       377
        93         4       378       379       380       381
        94         4       382       383       384       385
        95         4       386       387       388       389
        96         4       390       391       392       393
        97         4       394       395       396       397
        98         4       398       399       400       401
        99         4       402       403       404       405
       100         4       406       407       408       409
       101         5       410       411       412       413       414
       102         5       415       416       417       418       419
       103         4       420       421       422       423
       104         4       424       425       426       427
       105         4       428       429       430       431
       106         5       432       433       434       435       436
       107         4       437       438       439       440
       108         4       441       442       443       444
       109         4       445       446       447       448
       110         4       449       450       451       452
       111         5       453       454       455       456       457
       112         4       458       459       460       461
       113         4       462       463       464       465
       114         5       466       467       468       469       470
       115         4       471       472       473       474
       116         4       475       476       477       478
       117         4       479       480       481       482
       118         4       483       484       485       486
       119         4       487       488       489       490
       120         4       491       492       493       494
       121         4       495       496       497       498
       122         4       499       500       501       502
       123         4       503       504       505       506
       124         4       507       508       509       510
       125         4       511       512       513       514
       126         4       515       516       517       518
       127         4       519       520       521       522
       128         4       523       524       525       526
       129         4       527       528       529       530
       130         4       531       532       533       534
       131         4       535       536       537       538
       132         4       539       540       541       542
       133         4       543       544       545       546
       134         4       547       548       549       550
       135         4       551       552       553       554
       136         4       555       556       557       558
       137         4       559       560       561       562
       138         4       563       564       565       566
       139         4       567       568       569       570
       140         4       571       572       573       574
       141         4       575       576       577       578
       142         4       579       580       581       582
       143         4       583       584       585       586
       144         4       587       588       589       590
       145         4       591       592       593       594
end_cells
slaved_nodes        14
         1       110         2       111       102
         2       142         2       143       135
         3       163         2       164       155
         4        88         2        90        81
         5       126         2       129       121
         6       180         2        74       174
         7       154         2       158       146
         8       101         2       106        93
         9       123         2       131       115
        10       177         2        77       169
        11        86         2        95        69
        12       141         2       149       133
        13       109         2       118        96
        14       162         2       171       150
end_slaved_nodes
ghost_nodes          0
end_ghost_nodes
cell_data
matid
       bot       bot       bot       bot       bot       bot      none      none      none       bot
       bot       bot       bot       bot       bot       bot       bot       bot       bot       bot
       bot       bot       bot       bot       bot       bot       bot       bot       bot       bot
       bot       bot       bot       bot       bot       bot       bot       bot       bot       bot
       bot       bot       bot       bot       bot       bot       bot       bot       bot       bot
       bot       bot       bot       bot       bot       bot       bot       bot       bot       bot
       bot       bot       bot       bot       bot       bot       bot       bot       bot       bot
       bot       bot       bot       bot       bot       bot       bot       bot       bot       bot
       bot       bot       bot       bot       bot       bot       bot       bot       bot       bot
       bot       bot       bot       bot       bot       bot       bot       bot       bot       bot
       bot       bot       bot       bot       bot       bot       bot       bot       bot       bot
       bot       bot       bot       bot       bot       top       top       top       top       top
       top       top       top       top       top       top       top       top       top       top
       top       top       top       top       top       top       top       top       top       top
       top       top       top       top       top
end_matid
partelm
         1         1         1         1         1         1         1         1         1         1
         1         1         1         1         1         1         1         1         1         1
         1         1         1         1         1         1         1         1         1         1
         1         1         1         1         1         1         1         1         1         1
         1         1         1         1         1         1         1         1         1         1
         1         1         1         1         1         1         1         1         1         1
         1         1         1         1         1         1         1         1         1         1
         1         1         1         1         1         1         1         1         1         1
         1         1         1         1         1         1         1         1         1         1
         1         1         1         1         1         1         1         1         1         1
         1         1         1         1         1         1         1         1         1         1
         1         1         1         1         1         1         1         1         1         1
         1         1         1         1         1         1         1         1         1         1
         1         1         1         1         1         1         1         1         1         1
         1         1         1         1         1
end_partelm
end_cell_data
node_data
end_node_data
end_dump
